index name,0,1,2,3,4,5,6,7,8,9,10,11,12,13,14,15,16,17,18,19,20,21,22,23,24,25,26,27,28,29,30,31,32,33,34,35,36,37,38,39,40,41,42,43,44,45,46,47,48,49,50,51,52,53,54,55,56,57,58,59,60,61,62,63,64,65,66,67,68,69,70,71,72,73,74,75,76,77,78,79,80,81,82,83,84,85,86,87,88,89
SSelect_theta(0.001)_namuda(0.0),68,38,32,64,60,36,56,40,70,62,44,72,66,74,42,58,34,76,67,80,30,54,18,78,86,88,63,84,26,69,46,45,50,28,61,82,65,52,55,20,39,22,41,43,57,89,83,81,37,53,35,71,48,16,85,24,59,51,73,87,47,49,75,14,4,33,12,10,77,19,21,79,0,2,6,8,13,25,29,23,31,17,7,15,1,9,3,5,11,27
SSelect_theta(0.001)_namuda(0.1),38,66,68,32,56,64,76,42,44,40,60,36,74,62,58,34,30,70,80,72,78,84,46,18,67,65,54,86,63,89,88,61,82,55,28,22,59,50,52,45,41,20,69,48,26,75,43,81,24,39,87,37,85,83,35,4,53,49,71,14,57,47,73,2,77,16,51,33,12,0,19,10,21,79,8,6,31,25,23,13,17,9,15,5,11,7,27,1,29,3
SSelect_theta(0.001)_namuda(0.2),38,68,66,32,40,64,34,44,72,36,62,56,30,42,60,67,74,76,70,80,58,54,78,46,63,84,86,65,50,52,69,28,88,82,26,89,45,22,48,59,61,39,18,51,41,83,20,24,55,87,81,35,71,85,47,16,43,53,57,37,14,73,49,77,6,33,75,4,79,12,2,10,21,0,8,19,31,23,29,13,17,9,15,25,7,1,11,3,5,27
SSelect_theta(0.001)_namuda(0.30000000000000004),32,40,64,56,58,68,38,42,70,36,62,44,66,72,74,76,67,60,78,54,65,30,34,46,84,80,18,86,55,63,89,50,69,28,82,61,52,45,88,39,26,41,24,22,43,20,81,59,71,48,4,35,75,83,37,85,47,53,51,87,57,14,73,0,16,49,33,2,77,19,79,10,12,13,6,31,21,8,23,17,29,25,9,15,7,1,11,5,3,27
SSelect_theta(0.001)_namuda(0.4),66,38,40,32,34,68,56,64,36,62,76,30,58,44,70,72,60,67,42,78,80,74,54,63,84,82,26,65,86,89,61,69,50,46,52,88,28,49,22,45,18,37,71,20,85,43,59,39,24,41,81,55,48,53,4,35,87,51,16,57,47,83,73,77,2,75,79,6,14,10,19,12,33,0,21,31,8,29,23,17,15,9,5,11,25,1,13,3,7,27
SSelect_theta(0.001)_namuda(0.5),38,66,32,56,68,64,36,40,70,58,42,72,44,34,30,62,80,67,74,60,78,46,84,52,76,61,63,54,65,45,86,82,50,26,22,69,28,39,88,18,71,20,16,55,37,59,81,43,89,85,48,35,41,53,49,4,75,24,57,77,14,51,0,83,87,10,2,47,19,79,73,6,12,33,21,8,25,31,29,17,13,23,15,9,5,11,1,3,7,27
SSelect_theta(0.001)_namuda(0.6000000000000001),66,38,56,32,68,64,74,44,70,36,62,42,40,72,30,60,58,80,76,84,86,65,34,46,67,50,63,54,78,88,52,20,69,89,48,28,45,39,82,18,59,75,61,24,22,81,43,26,37,71,53,14,41,55,47,85,57,16,49,73,87,6,35,77,83,2,0,4,19,21,79,33,51,10,12,31,8,23,13,29,17,25,15,9,11,7,1,3,5,27
SSelect_theta(0.001)_namuda(0.7000000000000001),38,68,64,32,66,70,56,40,72,60,44,36,34,42,76,74,30,62,58,80,54,65,67,86,84,61,82,28,78,63,55,22,89,52,50,39,26,46,88,45,24,18,69,37,20,81,83,77,59,41,14,16,57,48,71,53,87,85,43,4,47,75,51,73,35,2,10,79,0,33,12,49,6,19,21,8,29,31,23,13,25,15,17,9,1,5,3,7,11,27
SSelect_theta(0.001)_namuda(0.8),66,64,40,68,38,32,62,44,70,36,72,58,67,74,30,56,80,60,42,54,84,88,76,63,34,86,82,78,46,55,26,28,69,89,52,45,65,20,50,18,22,83,39,43,35,59,49,48,71,61,53,85,37,4,57,73,24,41,77,75,87,51,81,47,0,14,6,2,33,19,12,10,79,16,21,25,8,31,23,15,17,9,11,5,27,1,13,29,3,7
SSelect_theta(0.001)_namuda(0.9),38,32,66,40,64,68,36,44,62,58,42,72,70,74,56,76,67,30,46,60,34,65,80,78,54,84,89,28,63,88,69,50,86,45,82,26,22,20,18,85,39,52,49,61,59,75,47,24,37,43,55,48,71,73,10,4,41,35,51,16,53,81,33,12,2,0,77,57,14,83,79,87,19,6,21,8,13,25,31,23,15,17,29,9,11,1,5,7,3,27
SSelect_theta(0.001)_namuda(1.0),89,22,24,25,26,27,28,29,30,31,32,33,34,35,36,37,38,39,40,41,42,23,21,88,20,1,2,3,4,5,6,7,8,9,10,11,12,13,14,15,16,17,18,19,43,44,45,46,69,70,71,72,73,74,75,76,77,78,79,80,81,82,83,84,85,86,87,68,67,66,55,47,48,49,50,51,52,53,54,56,65,57,58,59,60,61,62,63,64,0
SSelect_theta(0.01)_namuda(0.0),66,32,64,40,68,38,56,70,58,34,36,62,72,44,30,80,60,76,74,42,67,78,46,54,65,63,86,84,45,26,22,82,89,61,28,52,41,50,81,18,20,39,88,59,71,55,69,83,48,24,37,53,85,35,75,43,51,73,49,16,47,4,57,2,87,14,33,19,79,12,77,0,6,10,21,13,8,31,17,25,29,23,9,15,5,3,7,1,11,27
SSelect_theta(0.01)_namuda(0.1),32,64,68,38,36,66,62,72,44,56,40,42,76,34,67,70,74,80,60,58,30,82,84,54,65,63,88,78,28,22,45,52,20,46,48,89,26,50,86,69,18,71,59,39,47,55,49,81,16,57,51,41,43,53,61,37,87,73,85,35,24,83,75,12,6,33,19,4,77,14,79,2,10,0,21,8,29,23,31,25,9,13,15,17,1,11,5,7,27,3
SSelect_theta(0.01)_namuda(0.2),66,40,68,56,64,38,32,58,36,42,44,62,67,30,74,70,34,76,60,72,54,84,86,80,63,89,78,46,26,88,61,65,69,50,55,45,28,22,20,35,18,39,82,59,41,52,24,81,37,0,57,77,71,43,85,49,16,47,83,73,75,14,48,51,53,4,6,87,19,2,12,8,10,79,33,21,31,25,13,29,17,23,9,15,11,7,1,5,3,27
SSelect_theta(0.01)_namuda(0.30000000000000004),38,64,66,40,56,32,70,58,36,42,68,74,34,44,30,76,62,60,72,80,78,88,86,54,84,52,63,82,22,61,46,55,28,69,65,26,89,50,24,48,20,18,45,41,67,71,43,39,35,83,49,85,59,81,57,37,53,4,47,16,51,77,14,73,75,87,2,0,33,10,79,19,21,12,6,8,25,23,31,13,17,15,29,5,1,3,11,7,9,27
SSelect_theta(0.01)_namuda(0.4),32,40,64,60,56,68,34,36,38,72,62,66,76,74,42,70,54,80,44,58,82,84,30,86,67,63,88,65,78,28,61,46,69,50,52,22,39,41,18,81,45,26,59,55,43,24,20,83,89,53,49,37,71,35,16,87,77,75,57,14,85,47,51,4,48,6,12,73,2,10,0,79,21,31,19,33,8,23,25,17,29,13,9,15,11,1,7,27,5,3
SSelect_theta(0.01)_namuda(0.5),64,32,38,36,34,68,66,56,62,44,74,70,40,30,67,60,76,42,54,58,80,72,84,46,63,86,28,69,88,50,78,65,52,45,61,39,82,22,16,20,59,26,18,24,48,4,89,49,35,37,14,47,55,41,57,71,53,43,85,81,75,87,83,51,73,33,77,19,10,6,79,21,12,0,8,2,25,29,23,17,31,13,11,27,9,5,1,7,15,3
SSelect_theta(0.01)_namuda(0.6000000000000001),66,38,32,68,64,40,56,42,44,60,70,36,34,62,84,58,72,67,74,76,30,80,78,28,54,86,63,46,69,82,89,61,50,26,88,22,65,41,52,48,39,59,20,45,35,71,75,43,81,18,37,85,55,51,24,57,53,83,47,73,4,16,49,2,87,77,10,19,79,12,14,0,33,6,21,23,8,31,25,17,13,9,7,15,27,11,29,3,1,5
SSelect_theta(0.01)_namuda(0.7000000000000001),66,38,64,40,32,70,36,56,68,44,34,60,30,42,80,74,58,76,72,62,67,78,84,63,54,26,61,69,45,88,46,22,28,39,86,65,52,41,55,50,82,18,48,81,20,83,89,59,53,16,37,35,49,47,77,75,24,71,87,57,73,85,43,14,2,4,12,51,79,33,0,10,19,6,8,21,31,17,23,13,25,15,29,9,7,1,3,5,11,27
SSelect_theta(0.01)_namuda(0.8),38,68,66,64,32,40,58,56,44,36,42,74,72,60,30,67,70,34,62,54,84,80,76,28,63,78,22,69,86,26,65,89,20,61,82,45,46,50,41,48,52,88,18,55,81,35,47,83,24,39,16,59,57,71,37,75,43,87,85,4,77,73,53,14,49,51,79,33,19,12,10,2,8,0,6,21,25,31,23,13,9,15,17,1,29,5,7,11,3,27
SSelect_theta(0.01)_namuda(0.9),68,38,64,32,66,70,40,42,56,34,58,72,62,44,36,74,60,67,80,30,84,76,54,63,82,86,52,61,78,88,26,65,69,45,50,46,28,35,39,41,18,22,20,81,49,89,47,55,16,37,85,57,71,83,48,53,24,43,73,87,4,51,75,59,33,14,8,77,0,2,12,19,10,6,79,25,21,31,17,23,13,15,9,29,7,5,11,1,3,27
SSelect_theta(0.01)_namuda(1.0),12,16,20,10,8,80,4,0,14,18,24,78,76,6,3,1,2,68,70,72,22,74,82,5,30,60,28,26,36,38,64,34,84,66,86,32,7,62,56,88,75,57,83,11,9,40,17,58,15,54,13,85,43,39,89,42,44,21,19,73,81,55,41,37,52,87,48,47,45,49,53,35,65,33,69,23,25,79,77,46,50,67,27,59,29,63,31,61,51,71
SSelect_theta(0.1)_namuda(0.0),66,64,40,56,38,32,36,62,70,74,30,68,76,44,42,80,34,60,67,72,58,54,86,63,84,88,65,61,22,69,39,82,78,50,46,26,52,28,20,71,45,43,18,24,89,16,81,49,2,53,41,59,48,55,35,4,87,37,73,57,14,51,47,12,83,75,85,77,0,19,79,10,33,6,21,8,31,29,25,23,17,9,15,5,1,13,27,7,3,11
SSelect_theta(0.1)_namuda(0.1),66,32,38,64,68,44,56,34,40,62,72,70,30,42,36,74,80,67,60,76,46,78,58,54,84,50,63,61,65,86,69,24,55,28,26,52,22,82,41,45,81,18,83,88,20,39,35,51,89,47,59,77,75,87,16,37,43,85,6,48,14,73,57,71,2,4,12,53,33,19,49,8,10,79,0,21,31,29,17,13,23,25,15,9,11,1,3,27,5,7
SSelect_theta(0.1)_namuda(0.2),66,32,56,40,38,64,68,58,74,62,42,36,72,44,70,34,67,30,80,60,63,84,76,46,78,50,54,88,26,86,69,82,22,28,65,59,52,45,39,61,55,43,24,18,48,20,89,71,81,85,41,14,16,87,83,35,47,57,37,4,51,73,75,53,0,6,77,33,10,79,49,12,2,19,21,31,8,25,13,23,9,17,27,11,7,15,5,29,1,3
SSelect_theta(0.1)_namuda(0.30000000000000004),66,38,64,56,36,70,68,32,40,72,44,62,67,34,58,80,74,42,60,30,82,84,76,63,54,26,61,86,50,78,52,46,69,65,48,88,28,22,45,39,55,18,20,41,37,43,81,24,71,16,83,47,85,35,53,87,59,57,14,4,77,89,49,73,0,33,12,75,51,79,10,2,8,6,21,19,31,23,29,25,13,17,15,1,9,11,5,7,3,27
SSelect_theta(0.1)_namuda(0.4),64,38,66,62,36,40,42,56,44,70,68,32,72,34,67,30,74,60,54,58,80,76,61,86,63,26,65,84,78,69,52,88,45,82,46,28,50,18,55,37,39,75,81,22,41,49,20,89,48,59,53,85,16,24,4,43,35,57,71,47,83,87,73,14,19,6,51,12,0,77,2,21,33,79,10,8,31,25,29,13,23,17,15,9,5,1,3,11,7,27
SSelect_theta(0.1)_namuda(0.5),38,68,32,56,64,40,66,70,62,44,36,72,74,76,60,30,34,67,78,58,42,80,84,63,54,89,46,82,65,28,69,26,48,86,61,24,88,20,22,81,55,45,18,71,39,37,59,41,35,47,52,53,85,43,57,16,14,73,51,83,4,75,50,87,19,6,77,79,12,2,49,0,33,21,25,31,10,29,8,17,13,23,15,9,1,7,11,3,5,27
SSelect_theta(0.1)_namuda(0.6000000000000001),66,40,32,38,56,64,68,36,34,72,44,70,30,42,78,74,84,58,54,62,67,80,76,60,86,61,89,63,45,26,82,69,52,65,28,39,88,50,22,71,46,41,49,18,43,20,48,24,81,53,37,75,83,55,35,85,87,14,59,57,51,73,2,33,47,0,4,16,6,77,12,21,31,19,79,10,8,25,9,13,23,17,15,11,27,1,7,3,5,29
SSelect_theta(0.1)_namuda(0.7000000000000001),38,32,56,68,40,44,64,62,66,42,72,54,74,30,36,76,70,58,80,34,60,78,18,84,67,63,65,86,82,41,50,88,45,61,52,26,28,39,22,46,55,20,43,59,75,69,48,14,89,37,87,51,4,35,71,83,24,77,53,85,81,73,57,47,16,2,19,10,0,79,33,49,12,6,21,31,8,17,13,25,23,9,15,5,1,11,27,29,7,3
SSelect_theta(0.1)_namuda(0.8),68,32,64,66,62,36,38,42,56,40,44,70,30,34,67,76,74,60,80,84,72,58,54,65,46,78,86,63,50,69,45,28,26,82,88,22,18,48,20,55,39,37,41,83,59,61,14,24,52,49,89,81,85,16,43,53,35,71,57,75,2,4,47,51,87,33,6,19,12,73,77,0,79,10,8,21,31,25,13,23,17,15,29,9,1,11,5,7,27,3
SSelect_theta(0.1)_namuda(0.9),40,64,32,66,62,56,38,68,36,70,34,72,44,30,60,58,67,80,54,76,42,86,74,84,78,89,26,52,63,88,61,50,69,41,22,28,45,82,46,18,65,59,55,20,71,16,81,24,39,37,57,43,48,35,14,53,83,51,47,33,73,49,4,0,87,85,75,77,10,19,79,12,2,6,21,8,23,31,25,13,29,17,15,11,1,9,7,5,3,27
SSelect_theta(0.1)_namuda(1.0),39,47,37,53,61,43,81,49,51,55,41,63,59,67,45,79,69,57,35,65,89,86,88,30,71,84,83,38,60,27,23,1,73,87,33,62,3,0,36,32,77,15,2,5,34,85,10,58,54,28,82,9,29,17,13,7,25,26,12,8,4,14,21,40,11,6,64,56,80,22,75,16,31,44,72,24,68,78,20,42,19,70,76,52,66,18,74,50,46,48
SSelect_theta(1)_namuda(0.0),38,66,68,56,36,34,64,40,44,42,70,62,58,32,72,74,30,80,60,63,76,86,48,84,54,82,46,67,52,78,88,50,61,39,22,65,26,28,69,45,20,55,83,18,4,71,41,89,14,37,59,43,85,35,87,53,47,24,73,49,16,75,79,57,81,51,33,12,0,2,77,6,19,21,10,25,8,13,23,17,11,15,31,29,9,1,5,7,3,27
SSelect_theta(1)_namuda(0.1),38,32,64,36,66,40,68,44,42,62,70,56,30,74,34,60,67,72,63,58,80,84,76,46,61,54,45,65,55,78,69,89,88,28,86,52,26,59,50,43,41,22,39,57,82,53,20,18,49,51,87,71,48,81,37,35,85,75,47,24,73,14,77,33,19,83,4,16,2,12,79,10,6,0,23,21,29,8,25,13,31,9,15,17,5,1,11,3,27,7
SSelect_theta(1)_namuda(0.2),66,38,40,56,36,67,68,32,65,62,58,44,42,64,60,72,61,34,45,63,54,70,30,80,74,55,41,84,18,76,52,39,53,78,86,88,49,59,46,50,26,69,82,43,24,51,57,28,89,47,71,37,81,22,35,73,48,20,85,83,77,75,87,16,79,14,4,19,33,6,12,2,10,0,29,21,8,23,31,17,15,9,25,11,5,1,27,3,7,13
SSelect_theta(1)_namuda(0.30000000000000004),38,36,40,64,32,62,56,65,63,68,42,34,60,55,44,45,66,72,61,59,67,58,70,39,69,49,30,47,53,41,51,43,76,57,74,80,84,54,71,35,89,78,81,86,75,37,87,88,28,50,85,46,82,73,26,22,20,52,18,48,14,77,79,24,83,16,33,4,19,25,21,6,29,2,0,10,12,31,17,23,13,27,8,15,9,1,11,7,3,5
SSelect_theta(1)_namuda(0.4),40,38,65,63,45,67,55,61,32,66,51,42,58,62,36,53,49,64,56,41,59,57,34,69,60,89,44,47,39,68,43,30,70,72,37,84,35,74,46,54,81,76,71,75,85,80,73,83,26,86,87,78,52,28,50,82,24,77,33,88,20,79,22,18,48,19,14,16,21,31,12,4,23,25,10,2,6,0,15,9,17,29,13,8,27,11,7,1,5,3
SSelect_theta(1)_namuda(0.5),61,67,38,63,51,45,55,59,41,53,49,65,57,40,47,62,64,69,36,66,43,60,56,89,32,39,58,37,34,42,44,81,68,71,35,30,84,85,87,77,75,72,83,54,70,46,74,73,80,86,88,76,33,79,26,78,82,28,24,22,50,20,52,31,48,18,16,25,19,21,27,14,23,29,12,13,17,0,9,10,2,6,4,15,5,3,7,1,8,11
SSelect_theta(1)_namuda(0.6000000000000001),61,55,49,53,63,67,59,45,57,51,47,65,43,41,38,69,40,39,89,36,64,56,37,32,42,71,58,60,34,62,81,35,87,85,73,44,77,79,75,66,30,68,83,54,84,70,33,74,86,88,46,52,72,76,82,28,80,50,78,18,26,20,31,25,48,22,19,21,23,24,29,16,27,14,17,15,4,13,11,7,9,10,12,1,5,0,6,2,3,8
SSelect_theta(1)_namuda(0.7000000000000001),61,55,49,63,53,51,59,47,45,57,65,67,43,41,39,38,69,40,71,37,89,36,60,58,34,35,87,56,73,81,83,62,64,85,75,42,77,79,44,32,33,66,30,68,54,84,46,86,31,29,88,26,74,70,80,52,24,18,28,25,82,76,48,72,23,21,19,22,78,50,20,16,17,27,14,13,15,7,9,5,12,1,3,11,10,8,4,0,2,6
SSelect_theta(1)_namuda(0.8),53,55,51,59,57,61,45,47,49,63,43,65,67,41,39,69,89,38,37,71,40,87,73,36,35,85,75,81,83,77,60,62,79,34,58,42,56,33,32,64,44,66,54,30,31,29,25,68,84,88,86,46,23,21,28,52,27,19,26,82,70,80,50,72,24,74,22,78,20,18,48,17,76,15,16,13,9,7,11,14,1,5,3,12,10,2,4,8,0,6
SSelect_theta(1)_namuda(0.9),53,55,51,49,59,57,61,47,45,63,43,65,41,67,39,69,37,89,71,87,73,35,85,38,77,81,75,83,36,40,79,33,60,34,62,58,42,56,31,64,29,32,44,25,54,27,66,23,30,21,88,19,86,46,84,68,52,28,17,26,48,15,50,82,70,9,80,13,20,22,11,18,7,24,1,5,74,3,72,76,78,16,14,12,10,4,8,6,2,0
SSelect_theta(1)_namuda(1.0),53,51,55,49,57,59,47,61,45,43,63,41,65,67,39,69,37,71,89,87,73,35,85,75,77,81,79,83,38,33,36,40,60,31,58,34,29,62,42,25,27,56,23,64,32,21,44,54,19,30,17,66,88,15,86,52,46,13,84,9,7,11,5,1,28,3,82,68,48,26,50,24,20,18,22,80,16,70,14,78,72,74,76,12,10,8,6,0,2,4
SSelect_theta(10)_namuda(0.0),66,32,56,64,40,62,38,68,44,58,34,36,30,70,42,74,72,60,63,84,54,80,78,67,65,76,86,82,26,88,69,50,46,41,45,55,22,48,28,61,81,89,52,39,71,18,37,59,49,20,35,53,16,57,47,77,24,75,73,43,85,14,87,2,4,83,33,6,8,10,51,0,19,79,12,21,23,31,29,17,25,9,11,15,13,7,5,1,3,27
SSelect_theta(10)_namuda(0.1),38,66,64,40,56,58,44,68,32,36,62,67,42,34,63,70,65,74,80,76,61,72,30,54,78,84,55,60,46,69,52,88,18,45,50,28,86,22,39,26,48,53,82,83,89,59,41,20,81,57,71,43,37,47,87,35,51,85,75,73,14,24,49,77,4,33,79,12,2,6,16,10,19,0,21,31,29,25,8,17,23,13,15,9,5,7,1,3,27,11
SSelect_theta(10)_namuda(0.2),38,40,32,64,56,68,36,66,67,62,34,63,70,61,42,30,44,60,58,69,72,45,65,84,49,41,74,80,55,54,59,39,53,78,86,71,76,47,83,57,43,88,89,51,81,35,82,75,46,26,52,37,48,50,73,85,28,20,87,22,16,18,77,33,79,24,2,19,14,0,4,21,6,29,10,31,12,25,23,8,15,17,11,13,7,1,9,3,5,27
SSelect_theta(10)_namuda(0.30000000000000004),38,67,40,36,63,66,64,32,34,60,45,56,55,59,65,62,41,42,68,44,47,69,58,30,53,61,49,70,57,51,72,54,74,43,39,89,71,18,80,86,84,35,81,37,88,76,87,83,85,78,28,77,50,73,82,46,75,22,24,48,79,52,33,20,26,16,19,25,4,14,21,31,12,29,6,0,23,8,2,13,17,10,15,9,1,27,5,3,7,11
SSelect_theta(10)_namuda(0.4),55,63,61,40,67,38,45,59,53,51,65,64,57,56,36,43,66,47,32,69,34,39,41,68,71,44,60,42,37,62,58,49,89,30,87,81,88,35,54,70,85,84,72,73,80,74,86,77,75,76,78,28,82,46,33,79,50,48,83,26,22,52,20,24,31,18,25,21,19,16,29,23,14,4,27,12,17,13,10,15,0,2,7,9,6,5,11,1,8,3
SSelect_theta(10)_namuda(0.5),63,45,55,49,53,67,57,61,59,38,51,47,43,41,40,65,69,36,39,42,71,34,64,58,32,56,62,37,60,35,87,89,66,83,44,81,75,85,73,30,68,77,84,86,70,54,79,33,72,80,74,76,52,82,46,88,78,50,28,26,22,31,18,19,29,20,25,48,21,24,14,23,16,17,12,15,7,27,9,1,13,10,11,4,5,2,6,0,3,8
SSelect_theta(10)_namuda(0.6000000000000001),55,61,63,59,53,57,67,51,45,65,49,43,47,41,38,39,69,40,36,89,71,37,87,42,73,85,60,56,83,64,32,62,35,58,34,75,81,77,44,66,79,30,33,84,68,88,54,70,46,86,80,74,31,52,28,72,25,78,26,76,82,19,22,24,21,29,50,18,20,23,27,48,17,16,13,15,9,14,1,7,5,12,3,11,10,4,0,2,8,6
SSelect_theta(10)_namuda(0.7000000000000001),55,57,59,63,53,51,49,61,45,47,67,43,65,41,39,69,89,38,37,40,36,71,87,85,35,75,73,83,81,60,77,34,42,62,56,32,64,58,79,33,66,44,30,54,31,68,86,84,25,88,70,28,29,19,80,23,46,82,21,52,72,74,26,27,18,76,50,22,48,78,20,17,13,15,24,7,9,16,11,1,5,3,14,12,4,10,2,0,8,6
SSelect_theta(10)_namuda(0.8),55,53,51,59,49,57,61,63,45,47,43,65,67,41,39,69,89,71,37,87,38,85,73,35,75,36,40,81,77,83,79,33,34,42,60,62,58,32,56,64,31,44,29,66,25,30,88,86,84,54,27,23,21,19,68,82,46,28,52,17,26,80,70,15,72,13,50,9,20,5,78,1,76,3,18,74,7,24,22,48,11,16,14,12,10,4,8,2,6,0
SSelect_theta(10)_namuda(0.9),55,53,51,57,49,59,61,47,45,63,43,65,41,67,39,69,89,37,71,87,73,85,35,75,38,77,81,36,40,83,79,33,34,60,42,62,58,31,29,25,56,64,32,27,23,44,21,19,66,30,54,88,86,84,17,15,13,46,5,28,1,9,7,52,68,3,82,11,26,48,80,18,50,24,70,20,22,72,16,78,74,76,14,12,10,8,2,4,0,6
SSelect_theta(10)_namuda(1.0),53,51,55,57,49,59,61,47,45,63,43,65,41,67,39,69,89,37,71,87,73,85,35,75,77,83,81,79,38,33,36,40,31,29,34,25,60,42,27,62,58,23,21,56,64,32,19,17,44,15,88,86,54,1,5,13,7,9,3,30,84,11,66,46,28,52,82,68,26,24,48,50,20,18,80,22,70,16,14,78,72,74,76,12,10,8,6,0,2,4
SSelect_theta(100)_namuda(0.0),64,40,68,56,38,66,36,62,32,44,34,72,84,70,30,42,74,80,58,76,60,46,54,67,63,82,65,88,48,78,86,52,69,61,26,45,41,18,81,22,71,28,59,55,50,39,20,16,35,87,83,89,53,57,49,37,24,43,77,75,4,73,47,0,51,2,6,85,10,79,14,19,12,8,21,31,13,25,33,23,17,15,7,11,29,27,9,1,3,5
SSelect_theta(100)_namuda(0.1),32,40,38,64,68,56,36,58,34,66,44,42,62,30,70,60,67,80,76,63,84,74,72,78,54,89,65,88,81,86,50,39,45,28,57,46,71,55,61,49,82,53,69,59,26,43,22,20,75,51,37,35,18,41,47,85,52,73,87,48,24,16,83,4,77,14,2,79,33,0,31,21,10,6,19,12,29,8,23,25,17,13,9,15,11,7,1,3,5,27
SSelect_theta(100)_namuda(0.2),40,38,32,68,36,66,64,44,42,56,61,70,67,62,63,55,60,34,45,65,30,49,72,74,80,84,54,58,82,59,78,46,71,41,52,81,53,28,51,69,47,43,26,76,37,89,57,39,50,22,24,35,87,83,18,85,86,88,20,73,75,77,16,79,33,19,48,6,4,14,2,21,12,0,23,10,13,31,25,17,8,15,29,1,9,11,5,3,27,7
SSelect_theta(100)_namuda(0.30000000000000004),38,40,63,67,61,32,36,56,62,64,65,45,34,55,58,60,68,69,42,59,44,49,47,41,53,57,51,66,43,39,30,89,70,72,84,86,76,80,46,54,74,78,71,18,81,87,37,26,24,73,88,28,50,75,35,79,77,85,52,83,82,22,48,20,33,16,14,4,19,31,21,25,2,6,23,29,12,8,13,10,17,27,0,15,11,9,1,7,3,5
SSelect_theta(100)_namuda(0.4),67,40,55,61,63,38,59,45,36,53,65,32,34,41,43,56,57,69,47,64,60,51,49,66,39,62,42,58,44,68,89,30,85,70,37,54,84,81,35,71,83,80,87,72,86,75,77,74,76,88,73,78,79,28,52,33,46,50,82,26,48,18,20,22,16,19,24,21,25,31,23,14,17,29,13,27,12,10,4,2,8,15,0,9,1,6,7,5,11,3
SSelect_theta(100)_namuda(0.5),61,67,55,65,63,59,51,45,38,57,47,53,49,36,43,69,40,41,39,62,42,64,32,60,37,89,66,71,58,34,56,44,35,85,81,68,87,75,30,73,83,54,77,84,70,88,80,79,72,33,74,48,46,76,28,86,26,82,78,50,18,52,31,19,22,20,24,21,16,25,23,29,17,14,13,15,9,4,12,7,27,0,11,5,1,2,10,3,8,6
SSelect_theta(100)_namuda(0.6000000000000001),55,61,63,49,51,59,53,67,45,57,65,47,43,41,38,39,69,89,40,36,71,37,87,32,85,64,56,35,75,34,73,60,62,42,81,58,66,83,77,44,79,68,30,33,54,88,86,84,46,80,70,72,82,52,28,74,26,29,31,48,76,24,25,50,78,21,19,23,22,18,20,16,14,17,27,15,9,5,13,11,1,12,3,7,6,10,4,2,8,0
SSelect_theta(100)_namuda(0.7000000000000001),55,61,53,49,63,59,57,47,51,45,67,65,43,41,69,39,38,89,36,71,40,37,87,85,35,73,34,81,83,75,77,42,60,64,79,58,56,62,33,66,32,44,30,86,84,25,54,31,88,68,21,46,70,29,23,19,52,72,28,74,27,82,80,26,50,76,22,48,78,17,18,20,24,15,7,13,16,1,9,14,11,3,5,12,10,4,6,0,8,2
SSelect_theta(100)_namuda(0.8),55,53,61,51,59,57,49,63,47,45,65,43,67,41,39,69,89,71,37,38,87,85,35,36,40,73,75,81,83,77,79,34,33,60,42,62,58,56,32,64,31,44,29,66,30,54,25,84,86,88,23,21,19,68,27,46,28,17,70,52,82,26,80,15,48,9,50,24,13,22,74,1,78,20,72,3,18,5,76,7,11,16,14,12,10,4,2,0,6,8
SSelect_theta(100)_namuda(0.9),55,53,51,57,59,49,61,47,45,63,43,65,41,67,39,69,89,71,37,87,85,73,75,35,38,77,83,81,79,36,40,33,34,60,62,42,31,58,29,25,56,64,32,27,23,44,21,19,66,88,30,54,86,17,84,15,13,9,46,28,7,1,52,82,68,5,3,11,26,80,50,70,24,20,18,48,22,72,16,74,78,76,14,12,10,8,0,4,6,2
SSelect_theta(100)_namuda(1.0),53,51,55,57,49,59,61,47,45,63,43,65,41,67,39,69,89,37,71,87,73,85,35,75,77,83,81,79,38,33,36,40,31,29,34,25,60,42,27,62,58,23,21,56,64,32,19,17,44,15,88,86,54,1,5,13,7,9,3,30,84,11,66,46,28,52,82,68,26,24,48,50,20,80,18,22,70,16,14,78,72,74,76,12,10,8,6,0,2,4
SSelect_theta(1000)_namuda(0.0),40,32,56,66,68,38,36,42,58,64,34,70,62,44,74,72,80,76,88,67,30,60,78,84,54,63,86,61,26,28,69,48,50,89,65,46,45,82,22,81,20,52,35,16,83,43,55,39,41,4,59,18,51,85,71,53,37,47,75,24,57,73,2,87,0,6,14,79,77,33,12,10,49,19,8,21,25,31,13,23,17,15,9,27,1,29,5,11,7,3
SSelect_theta(1000)_namuda(0.1),66,38,64,32,40,68,62,74,34,56,67,58,36,42,44,70,72,30,60,80,63,61,76,55,86,84,88,54,45,69,48,78,46,89,52,39,28,59,35,71,26,50,65,18,53,47,82,75,41,49,20,22,85,81,57,37,87,43,83,51,77,73,4,24,14,16,2,6,79,33,19,0,10,12,21,25,31,23,8,17,15,27,13,9,29,5,1,3,7,11
SSelect_theta(1000)_namuda(0.2),38,40,64,58,66,67,32,36,68,42,62,60,65,34,44,56,70,55,61,63,72,84,57,30,74,45,80,46,76,69,39,47,88,54,59,53,78,82,49,86,41,43,51,24,26,89,48,81,52,50,37,83,71,28,35,87,20,75,85,18,22,73,77,16,79,19,4,14,33,17,21,31,0,29,6,12,10,2,23,13,27,25,8,15,7,9,11,1,3,5
SSelect_theta(1000)_namuda(0.30000000000000004),38,67,36,40,63,32,65,59,58,66,56,60,55,42,61,62,45,64,34,49,44,51,68,70,43,53,41,39,30,71,69,81,57,47,80,74,84,54,72,89,85,37,76,88,35,82,46,52,83,86,28,26,87,75,73,78,50,77,22,48,18,24,33,20,79,16,19,14,25,4,21,31,0,23,12,10,6,13,17,29,2,27,9,8,15,11,1,5,7,3
SSelect_theta(1000)_namuda(0.4),67,61,63,38,40,45,36,55,57,53,59,41,65,43,34,32,66,62,58,51,39,56,64,69,47,60,49,68,42,44,37,89,30,87,83,71,81,72,70,35,85,75,73,80,86,54,76,74,84,82,77,88,52,28,22,78,46,26,79,48,33,16,18,20,50,24,19,31,14,21,29,23,27,10,17,4,12,8,25,2,15,0,6,9,13,11,7,1,5,3
SSelect_theta(1000)_namuda(0.5),61,63,55,67,57,49,53,59,38,65,45,51,47,43,40,36,69,89,39,41,32,58,62,42,64,71,60,34,37,87,66,85,35,81,83,44,56,73,75,77,68,54,30,84,33,79,86,72,70,88,80,76,28,46,74,26,48,78,50,52,22,82,19,18,20,25,21,31,16,23,24,14,29,17,27,15,12,11,5,9,1,6,4,0,10,3,13,7,2,8
SSelect_theta(1000)_namuda(0.6000000000000001),63,55,53,61,59,51,49,57,45,65,67,47,41,43,40,38,69,39,36,89,71,37,35,34,42,83,62,87,85,81,75,32,60,58,73,56,44,64,77,66,79,30,33,68,86,54,84,88,70,46,80,28,52,74,72,26,31,82,19,50,78,76,29,21,20,22,48,23,27,18,16,25,17,24,15,14,9,13,7,5,1,3,12,11,4,10,6,2,8,0
SSelect_theta(1000)_namuda(0.7000000000000001),55,51,61,53,57,63,59,45,49,47,67,43,65,41,69,89,39,38,37,71,40,36,87,85,35,73,75,81,83,34,42,58,77,60,62,79,32,64,56,33,44,66,30,86,54,88,31,68,84,29,25,21,52,80,70,28,19,46,82,18,23,27,72,74,76,50,26,78,17,22,20,24,48,15,13,16,9,7,1,5,11,3,14,12,4,10,6,8,2,0
SSelect_theta(1000)_namuda(0.8),55,51,53,61,49,59,57,63,45,47,65,43,67,41,39,69,89,37,71,38,87,35,85,40,73,36,77,75,81,83,79,60,33,34,42,58,62,32,56,64,31,44,66,54,25,30,29,86,21,88,23,27,19,84,68,82,17,46,52,28,70,13,80,15,50,72,26,9,78,1,20,5,48,22,74,3,18,76,24,7,11,16,14,12,10,4,2,6,0,8
SSelect_theta(1000)_namuda(0.9),53,51,55,49,57,59,61,47,45,63,43,65,41,67,39,69,89,71,37,87,85,73,35,75,38,77,81,83,36,79,40,33,34,60,42,62,58,31,25,29,32,64,56,27,23,21,44,19,66,54,30,86,88,17,84,15,13,46,9,28,1,5,68,3,82,7,52,11,26,80,24,70,48,50,22,20,18,72,74,78,16,76,14,12,10,2,8,6,4,0
SSelect_theta(1000)_namuda(1.0),53,51,55,57,49,59,61,47,45,63,43,65,41,67,39,69,89,37,71,87,73,85,35,75,77,83,81,79,38,33,36,40,31,29,34,25,60,42,27,62,58,23,21,56,64,32,19,17,44,15,88,86,54,1,5,13,7,9,3,30,84,11,66,46,28,52,82,68,26,24,48,50,20,80,18,22,70,16,14,78,72,74,76,12,10,8,6,0,2,4
